image: mapa_laser_binarizado.pgm
resolution: 0.050000
origin: [0.000000, 0.000000, 0.000000]
negate: 0
occupied_thresh: 0.06
free_thresh: 0.06

